10
300
-0.073336
-0.009840
0.200463
0.161622
0.146193
0.277265
-0.320261
0.243595
-0.198176
0.281167
0.181796
-0.058927
0.201266
-0.160858
0.092638
-0.216024
-0.196805
0.025176
0.113640
-0.257909
-0.017059
0.115402
0.258944
0.199879
0.192392
-0.163590
0.259636
0.060287
-0.018567
-0.006560
-0.152286
0.272179
-0.222586
-0.158150
0.222543
-0.134147
-0.080697
-0.254778
-0.187999
0.062206
-0.297712
-0.296657
0.285152
-0.265445
-0.049734
0.037728
-0.019905
0.184903
-0.104390
-0.163298
-0.190690
-0.303854
0.281166
-0.115688
-0.225930
0.301581
0.034342
-0.286808
0.061486
-0.214427
0.144153
0.202706
-0.197540
-0.253176
-0.140916
-0.167946
-0.090476
0.072393
-0.140707
0.028662
-0.184688
0.005171
0.208882
-0.036419
0.197262
-0.016154
-0.139111
-0.186741
-0.111740
0.228217
0.160436
0.033323
0.214263
0.241425
-0.241746
-0.323317
0.235109
0.128078
-0.140405
-0.005180
-0.282540
-0.175682
-0.004073
-0.033882
0.019268
0.169662
0.114224
0.285269
0.076878
-0.171374
0.133110
-0.197717
0.235272
0.157907
0.057120
0.146847
-0.118622
0.213242
-0.323487
0.036567
0.102727
-0.310297
-0.108464
0.132920
0.231393
0.082014
0.260965
0.189032
-0.070337
-0.030662
-0.117198
-0.055303
0.099569
0.175228
0.223987
-0.177034
0.194803
0.041843
-0.100844
-0.048009
0.248397
-0.286300
0.047846
0.169997
0.216159
-0.039546
0.034581
-0.244348
0.027934
0.143676
0.200292
-0.005840
0.166406
-0.050352
-0.180875
0.119459
-0.237444
-0.188020
0.014476
-0.024747
0.098872
-0.268801
-0.220918
0.017087
-0.246179
0.273055
0.048481
0.289092
0.148468
-0.248330
0.075143
0.117123
-0.070045
-0.184933
0.021513
-0.197145
0.087671
-0.263574
0.040622
-0.197350
0.229640
0.132396
0.085643
0.221785
-0.059891
-0.133138
0.046130
-0.040580
-0.104862
-0.213140
-0.188498
-0.226901
0.034782
-0.099928
0.170144
0.154214
-0.144192
0.131619
0.244982
-0.272233
-0.287669
0.054876
0.170211
0.076377
0.151972
-0.013167
0.224544
0.149740
0.021714
0.109440
-0.176217
0.178150
-0.129366
0.241496
0.055503
0.091143
-0.156214
-0.097731
-0.042204
0.134287
0.229965
0.063269
0.277724
0.036283
-0.314488
0.268019
0.051297
-0.045320
0.304890
-0.001887
0.125159
-0.219883
-0.268152
0.110951
0.152160
-0.243893
-0.193621
0.310433
0.182287
-0.299459
0.110925
-0.269645
0.271419
-0.305085
-0.200486
0.134168
0.265660
-0.032238
-0.086157
-0.023692
-0.027393
-0.068627
-0.273170
-0.041123
-0.210242
-0.214352
0.054018
0.256873
0.181225
0.035881
-0.053666
0.141695
0.229231
0.134892
-0.058683
0.071375
0.211282
0.252690
0.123858
0.302672
-0.305843
-0.048192
-0.132048
0.300389
0.086521
0.053750
0.135166
0.029529
-0.126554
-0.243402
-0.186533
0.181307
0.048784
-0.144651
0.031127
0.172175
0.125792
-0.198816
0.265535
0.146535
0.243805
0.032832
-0.057177
0.263700
-0.096221
-0.315763
0.092661
-0.037887
0.228068
-0.012200
0.086616
0.216398
0.297609
0.235258
-0.241266
0.041845
0.201105
0.209622
-0.120125
-0.173255
-0.218655
0.045671
-0.106202
0.225767
-0.253772
0.216845
0.204440
-0.314485
-0.164627
0.151523
0.137618
-0.110221
-0.111605
-0.166355
-0.105144
0.234276
-0.115967
-0.202712
-0.170275
0.002987
0.128956
-0.260982
0.012121
0.083458
-0.192776
0.042122
-0.011927
-0.294038
0.093586
0.222877
0.007689
0.138346
-0.025613
0.162010
0.097131
0.183221
0.244977
-0.058041
0.160534
-0.236243
-0.078948
0.010796
-0.041877
0.151662
0.288808
0.266113
0.073797
0.029675
-0.258916
-0.307629
0.265828
-0.282802
-0.239200
0.068702
0.109700
-0.131488
-0.011486
-0.251059
-0.099904
-0.215137
-0.190376
0.187540
0.289973
0.238359
0.196184
0.198270
0.055763
0.069087
-0.030071
-0.061226
0.280132
0.203762
-0.283492
-0.053587
0.051549
-0.278808
0.044373
-0.129400
0.060501
0.102310
-0.136349
0.125119
0.236948
-0.025342
-0.155446
0.235904
0.137423
0.182860
-0.243827
-0.165578
-0.226494
-0.140685
-0.129025
-0.113027
-0.205609
-0.230005
-0.239196
0.162805
0.183737
0.026846
-0.213419
0.181511
0.046408
-0.061160
-0.034428
-0.114184
-0.048503
0.309969
0.046833
-0.160235
0.295430
-0.262128
-0.237809
0.171900
0.160969
-0.002786
-0.015750
0.067404
-0.032721
0.074416
0.200079
0.062745
-0.231675
-0.265037
0.265645
-0.142958
-0.055523
-0.110489
-0.137599
-0.168479
-0.275791
0.069590
-0.175608
0.039462
-0.300288
0.076923
-0.219059
0.131341
0.091357
0.299370
-0.273985
0.011949
-0.286842
-0.128891
-0.145571
0.133182
0.230801
0.294518
-0.124260
-0.110642
0.060996
-0.095490
-0.264103
0.213178
-0.063531
-0.171056
-0.150856
-0.299565
-0.056207
-0.044562
-0.173264
0.136883
-0.171454
-0.020169
0.067461
-0.132927
-0.276506
0.130147
-0.220326
0.226803
0.095068
-0.178492
-0.042114
0.252090
-0.008786
0.204907
0.071003
-0.135129
0.240076
-0.267208
0.226385
0.046980
-0.033658
0.298931
0.005322
-0.259796
-0.071791
0.241499
-0.242251
-0.227929
-0.004860
0.037078
0.211748
0.137533
-0.180949
-0.055736
0.299907
-0.113548
-0.057350
-0.249958
-0.040708
-0.138893
-0.084602
0.250799
-0.239874
-0.306838
0.186259
0.300192
-0.041909
0.215836
-0.231387
-0.178482
0.093993
0.005077
-0.041739
-0.150477
0.082418
0.185736
-0.094565
0.302379
0.181829
0.234441
0.021301
0.307435
0.028712
0.240826
0.066884
0.064766
-0.184515
0.287979
-0.293691
0.156931
-0.077734
0.057102
0.200161
-0.024365
0.053453
0.212424
-0.061904
0.256605
0.170217
0.121444
-0.102889
0.152692
0.025287
0.267705
-0.144236
-0.115564
0.130621
0.018052
-0.133393
0.210140
-0.117227
0.206269
0.223601
-0.278271
0.182937
-0.028978
0.201855
-0.292151
0.096430
-0.298195
0.292384
0.276166
0.061174
0.187020
0.068698
-0.191972
0.152121
-0.161780
-0.117265
0.152915
0.230717
0.208660
-0.050187
0.058956
0.176776
0.033360
0.276030
-0.005196
-0.120732
-0.119480
0.044299
0.215416
-0.153186
-0.052693
0.264593
-0.285787
-0.274878
0.291396
-0.139504
0.174129
0.272793
0.009443
0.204413
0.139275
0.014211
0.100258
0.282699
-0.204226
0.264351
-0.020708
-0.259580
-0.307885
-0.153811
0.126429
0.073729
-0.231103
0.008100
0.059994
0.200928
0.242832
-0.316896
-0.032092
0.123127
-0.156422
0.289141
0.197420
0.050262
-0.228749
0.270567
0.293928
0.270913
-0.207247
0.082211
0.134174
0.189333
-0.225189
-0.053825
0.269308
-0.080498
-0.009900
-0.066648
0.163006
0.006438
0.282291
-0.092520
-0.127854
-0.158467
-0.297151
-0.230123
-0.255431
0.249474
-0.222629
0.073721
0.179093
0.069250
0.045890
0.206548
-0.237236
0.232361
0.135577
-0.114993
0.231169
0.296604
0.256546
0.145016
0.227506
-0.285546
-0.059249
0.261501
0.038521
-0.219361
-0.109659
-0.192562
0.234882
-0.062182
0.225964
-0.155987
0.170310
0.234746
-0.067061
0.299974
0.270400
0.014134
0.073860
0.156368
-0.263534
-0.008632
0.151853
-0.028587
-0.007131
-0.016465
0.163085
0.033522
-0.053055
0.244279
-0.018554
-0.031158
0.322687
-0.217125
-0.047626
0.168313
-0.158706
0.259207
-0.198285
-0.240491
-0.051821
0.278482
0.031101
-0.114877
0.301637
0.318799
-0.125519
0.243115
0.118074
-0.154904
0.224852
-0.294751
0.154953
0.127092
0.144193
-0.185093
-0.093808
0.112513
0.226158
0.148601
0.071097
-0.073211
-0.036174
0.185311
0.005131
-0.299697
0.043866
0.157936
0.293432
0.165780
0.258583
0.054151
0.299829
-0.005228
0.239212
0.263739
0.041073
-0.038543
0.247759
0.023294
0.046691
0.269895
0.076501
-0.162590
0.062460
-0.108792
0.009772
0.232966
-0.325232
-0.074546
0.224090
0.314869
0.155492
-0.122431
0.096247
-0.166340
0.014074
-0.040404
-0.160885
0.237773
-0.164277
-0.055115
-0.133335
-0.109527
-0.315618
-0.053420
-0.116385
0.094246
0.178703
0.007339
-0.205587
-0.076337
-0.039021
0.296813
0.238461
-0.192167
-0.007913
-0.061890
-0.237517
-0.001465
0.264434
0.293572
-0.026396
0.216004
-0.036133
-0.055713
-0.088780
0.292050
0.233527
0.199572
0.115783
-0.030183
-0.222690
-0.205003
0.131463
-0.233697
0.056529
-0.129578
0.199981
0.069576
0.265276
-0.156159
0.292687
-0.117826
-0.178323
-0.311477
0.023939
0.214529
0.003215
0.196674
0.034428
0.058549
-0.337920
-0.237200
0.216727
0.119286
-0.024908
-0.305024
0.191958
0.072976
-0.262015
0.042616
0.274816
-0.103262
0.254732
0.221475
0.035098
0.123148
-0.211107
0.026297
-0.083366
-0.268964
0.153136
0.017799
0.083210
-0.266415
0.083095
-0.060093
0.283158
-0.239132
-0.030911
-0.006262
0.253915
-0.027808
0.214194
0.128283
-0.197075
-0.009945
0.310096
-0.275457
0.297758
-0.261559
0.133436
-0.227932
-0.091973
0.081480
-0.312688
0.257676
-0.107754
-0.057519
0.006461
0.110625
0.121418
0.018647
-0.032423
0.042195
0.128987
-0.300702
-0.207277
0.088262
-0.086697
0.038551
-0.036420
-0.098065
-0.237063
-0.217495
-0.289298
-0.035911
0.139957
-0.284806
-0.000975
0.258234
-0.091257
-0.196615
-0.032296
0.106833
0.231556
-0.128456
0.172697
-0.174343
0.155340
-0.003079
-0.242505
0.192361
-0.219169
0.054724
-0.089943
0.219863
0.219610
0.020051
0.136092
-0.032558
-0.111017
-0.134345
0.225792
-0.046250
0.115060
0.273545
0.238709
-0.075354
-0.203672
0.045819
0.036410
0.083034
0.138869
0.161776
0.004163
0.059945
-0.148004
-0.066512
-0.302176
-0.179431
-0.263480
-0.095077
-0.311681
-0.145578
0.237581
0.040016
-0.156097
0.273465
-0.141425
-0.279717
-0.007679
0.169172
-0.098208
-0.056961
-0.098024
-0.299889
-0.095917
-0.042397
-0.095468
0.127382
0.268347
-0.254456
-0.021050
0.141389
0.224902
0.214264
0.004978
-0.181108
0.019744
0.050063
0.054794
0.087069
0.269401
0.139192
0.224732
-0.293167
-0.055859
-0.168913
-0.240598
0.129160
-0.067492
0.132681
0.033348
0.106015
-0.279683
0.225792
0.141064
0.093484
0.059705
-0.121218
-0.104305
-0.120773
-0.053468
0.298578
-0.185447
-0.104305
0.226377
0.162290
0.084327
0.065897
-0.117701
-0.111708
-0.163760
-0.028501
-0.236910
-0.152165
0.043165
0.149760
0.070900
0.112162
0.071170
0.262691
0.010488
-0.232555
0.216449
0.059926
-0.293870
0.009113
-0.061052
0.010076
-0.232242
0.134846
-0.310926
-0.027703
0.232912
-0.199097
-0.301079
0.185977
-0.179641
0.288472
0.038497
0.125080
-0.003298
0.166735
-0.159089
0.195008
-0.085285
0.204175
0.033344
0.291606
0.012873
-0.207331
-0.247716
-0.112716
0.039094
0.289196
0.251639
0.070622
0.116090
-0.114966
-0.089428
0.193893
-0.147637
-0.108609
-0.055510
-0.247465
0.167162
0.130144
-0.256263
0.249382
0.104310
0.166224
0.216288
-0.077583
0.179486
0.297007
-0.194808
0.310508
0.211704
0.157687
-0.207677
0.086627
-0.182639
0.034103
0.207291
0.158484
-0.058539
0.368381
0.050960
-0.101698
-0.013154
0.303298
-0.122047
0.252022
-0.013667
-0.291018
-0.284739
-0.050355
0.131558
-0.086490
0.000022
0.083810
-0.165219
-0.087998
-0.311681
-0.128652
-0.028661
-0.032953
-0.092933
-0.056935
-0.190280
0.118583
-0.224982
0.270786
-0.249431
-0.147821
-0.021345
0.185444
-0.163676
-0.139971
-0.257045
0.274198
-0.172147
-0.038960
0.218519
0.245266
0.147397
-0.250686
-0.141945
0.009511
0.078935
0.188524
-0.120295
0.187675
-0.189859
-0.041968
-0.263306
0.151859
0.257288
-0.073706
-0.131216
-0.007152
0.246638
0.053643
-0.170130
-0.314844
0.190658
0.229763
0.215509
-0.098473
-0.279099
-0.233559
-0.174494
-0.004208
0.190035
-0.257656
-0.089272
-0.001580
-0.050386
0.111495
-0.220221
-0.302574
0.163179
0.057610
0.257030
0.291972
-0.275264
-0.211703
0.291568
-0.283499
0.005618
-0.117240
-0.007245
0.144865
-0.258162
0.148233
-0.302252
0.221708
0.043025
-0.268440
-0.101965
0.218387
-0.168058
0.080365
-0.139440
-0.137101
0.123149
0.177891
0.199344
-0.238516
0.051066
-0.136713
-0.227758
0.051304
0.139022
-0.191567
0.135698
0.179587
-0.077992
0.128502
-0.272099
-0.249433
-0.163898
0.050378
0.183722
-0.088015
0.006140
-0.289483
-0.146286
-0.157745
-0.229273
0.108430
-0.154187
0.062910
-0.104474
-0.061520
0.208523
-0.136228
-0.013402
0.129130
0.039181
-0.322828
0.198232
0.287273
0.182716
0.022518
-0.094819
0.085778
0.045707
0.118356
-0.125616
0.100817
-0.268797
0.179085
-0.114525
-0.297371
-0.220031
0.304891
-0.242176
0.061170
-0.166978
0.020893
0.021665
-0.117631
-0.160524
0.228095
0.307133
0.276788
-0.097134
-0.093605
0.214697
0.279673
0.055293
0.077562
-0.257749
-0.068112
-0.076083
-0.016244
0.325749
-0.240220
-0.159642
-0.062325
0.211783
-0.022476
-0.077410
-0.156752
0.008368
-0.037121
-0.069898
0.127082
-0.131122
0.151237
-0.220225
0.201554
-0.141489
-0.052784
0.126977
-0.157605
-0.101852
-0.164077
0.070765
-0.223156
-0.073481
-0.152697
0.347630
-0.007306
0.076595
0.005497
0.200914
0.168905
0.111412
-0.224550
-0.145281
0.100102
0.186172
0.021379
-0.248077
-0.110236
-0.251780
0.031950
-0.220015
-0.019396
-0.013342
0.024284
-0.156945
0.133145
0.278648
-0.232528
0.263083
-0.131581
-0.084994
0.161405
0.104696
0.167550
0.345527
0.125830
-0.179515
0.140498
-0.187746
-0.075503
0.045033
-0.202859
0.131560
0.284360
0.271242
0.023802
0.011350
-0.276306
0.217720
0.119338
0.182845
-0.281064
-0.085382
-0.138705
0.185733
0.053538
0.272750
0.138482
0.240173
-0.262423
-0.159829
0.055099
0.198865
0.231051
-0.190859
0.308001
0.081898
0.083542
0.108652
-0.238614
-0.299621
-0.071269
-0.174269
0.130243
-0.101339
-0.228243
-0.125753
-0.269500
-0.079036
-0.101969
0.246029
-0.159696
0.062698
-0.110924
-0.071711
-0.068169
-0.235805
0.035135
-0.230756
-0.288541
0.079872
-0.132640
0.042782
0.102760
-0.042838
0.264831
0.189355
-0.211480
0.172477
0.027350
-0.127462
0.329756
0.251567
0.046123
0.269749
-0.029838
0.198574
-0.150676
0.144444
-0.170405
0.171454
0.203264
0.040570
-0.056946
-0.067114
0.305590
0.277971
0.112783
0.164229
-0.292265
0.260511
-0.077921
0.039949
-0.100565
-0.178590
-0.280331
0.142077
0.224431
-0.063137
-0.139728
-0.122455
0.003008
0.164330
-0.083367
-0.178271
-0.056541
-0.253031
-0.152862
0.216514
-0.251539
0.014657
0.088659
0.283872
-0.143627
-0.152107
-0.065565
-0.170018
-0.182539
-0.302545
0.391288
-0.000275
0.282171
0.084823
-0.225834
-0.042882
0.147016
-0.066572
0.209064
0.196760
0.089533
-0.105207
-0.002525
-0.090698
0.187305
0.117404
0.250617
-0.219449
-0.235109
-0.275194
-0.182148
-0.215297
0.231210
0.289656
-0.228071
0.294146
-0.162269
0.148980
-0.038054
0.055648
0.164770
0.066278
-0.200829
0.215052
-0.085978
0.040627
-0.169973
-0.237976
0.280247
-0.105465
-0.220510
0.179996
0.258427
0.016602
-0.208846
0.169026
0.012752
-0.219840
-0.186777
0.077970
-0.187710
-0.013448
0.279746
-0.215276
-0.006476
-0.105125
-0.219526
0.245473
-0.280690
0.200343
0.031136
-0.287412
0.103645
0.305793
0.268894
0.164816
-0.033871
-0.246325
-0.267555
0.056069
0.002966
-0.142908
-0.069118
0.052356
0.167975
0.165123
-0.174707
0.012770
0.262747
0.058286
-0.258153
-0.112588
-0.269195
-0.024371
-0.005769
0.043887
0.070003
0.218698
0.097099
0.112491
0.079677
-0.064029
0.161222
-0.127195
-0.095132
0.168201
-0.300184
-0.277258
-0.260386
-0.117204
0.049086
0.114091
0.155320
-0.315763
-0.169289
0.108177
0.177008
0.066849
-0.226598
0.292528
-0.027795
-0.044619
-0.197124
0.009272
0.144389
0.146886
-0.122060
-0.091453
0.011163
0.280981
-0.145534
-0.124318
0.029711
-0.213291
0.065441
-0.164092
0.258394
0.329139
-0.241992
-0.308798
-0.204447
0.267143
0.178048
0.282819
-0.227706
-0.197512
0.031226
-0.247033
0.274708
0.276273
0.308445
-0.087832
-0.093175
-0.147468
0.258450
-0.249667
-0.247237
-0.076938
-0.020944
0.055385
0.022049
0.265709
-0.201862
-0.260505
-0.218008
0.142231
-0.215935
-0.294563
0.097891
0.002223
-0.145150
0.298547
-0.060241
0.304421
0.213486
0.028955
-0.173829
0.086003
0.086895
-0.218653
0.033477
0.231253
0.134298
-0.256283
-0.290170
0.206360
-0.178986
-0.253197
-0.177187
0.195925
0.249541
0.179304
0.176979
-0.265261
0.324421
-0.241594
-0.247697
-0.224970
-0.119984
0.265029
0.091862
0.069675
0.234637
-0.139726
0.114566
0.288077
0.184188
0.278575
0.173260
0.104208
-0.109519
0.015385
0.001218
-0.146274
0.092428
0.144752
-0.241367
0.205898
-0.116332
0.077437
0.236420
-0.225081
-0.002209
0.256224
-0.154384
0.012547
0.317866
0.073361
0.201515
-0.112461
-0.037453
0.112858
-0.241728
0.050821
0.319132
0.209953
0.007379
0.279290
0.307405
0.000602
0.203877
-0.108353
-0.299186
0.033855
0.145602
0.051194
-0.109883
0.237377
0.087457
-0.108336
0.078201
0.005614
0.039534
-0.259756
0.092090
0.278252
0.039692
0.090035
0.115363
0.072648
-0.127282
-0.097900
-0.127735
-0.141383
0.191746
-0.038439
-0.122835
0.060225
0.053897
-0.150773
-0.224843
-0.027762
0.179325
-0.107692
0.314057
0.018378
0.276111
-0.043673
0.037359
0.169889
-0.323572
-0.167958
-0.000175
0.115024
-0.141517
-0.210038
0.258180
-0.228979
0.222162
0.053844
0.231638
-0.161300
0.261242
-0.214537
0.200724
-0.309283
0.198400
0.302511
0.219389
-0.032152
-0.127164
0.275449
0.255812
0.290405
-0.149713
-0.248881
0.161079
-0.044011
0.047105
-0.131072
-0.155067
0.169397
-0.031335
0.194947
0.033477
0.303948
0.232898
0.051696
-0.153280
0.275575
-0.111802
-0.245420
-0.126180
-0.116272
0.000473
0.250871
0.067310
-0.030287
0.314169
-0.109025
0.136087
-0.037569
0.025080
0.062015
0.032841
0.287519
0.261789
-0.097607
-0.110999
0.097583
0.095781
0.121788
-0.016931
-0.113086
0.051816
-0.203183
0.020456
0.116802
0.162307
0.168448
0.167109
-0.239166
0.193107
-0.298009
-0.058848
-0.110614
-0.043424
-0.260859
0.085839
-0.045725
-0.062135
0.023754
0.234244
0.226453
-0.132577
-0.018849
-0.308152
-0.199115
0.207667
-0.094585
0.214342
0.109761
-0.101146
0.010720
-0.181480
0.199638
0.263603
0.167460
-0.033649
0.241106
-0.001747
-0.157254
-0.313313
-0.023856
-0.057524
0.077356
0.271731
0.131941
0.120139
0.109625
-0.206300
-0.126321
-0.202351
-0.213660
-0.086594
-0.054618
0.142804
-0.077535
0.070225
0.178304
0.126669
0.123699
0.081092
0.268166
-0.064968
0.256275
0.287263
0.022647
0.174733
-0.047866
-0.077311
-0.215502
0.193114
-0.038407
0.183458
-0.116701
0.229638
0.146827
-0.284933
0.221353
0.040175
-0.058656
-0.197230
0.142490
0.075540
-0.043260
-0.199235
-0.105086
0.257272
0.300641
-0.118163
0.140043
0.222993
0.295639
0.270220
-0.184905
-0.306681
0.194411
0.160455
0.155852
0.072522
-0.227981
-0.211960
-0.051419
0.149040
0.157294
0.264329
0.260180
0.242609
0.211160
0.163180
-0.032795
0.015821
-0.327912
-0.150763
-0.253161
0.163117
0.094382
-0.014171
0.231698
0.072441
-0.303324
0.139847
0.099079
0.342891
0.163089
0.248377
-0.165936
-0.308691
0.151590
0.297558
0.030485
-0.179948
-0.274704
-0.225341
0.282930
-0.135379
-0.157972
0.200321
-0.243383
-0.080215
0.260743
0.192096
0.234069
-0.223881
-0.255460
-0.300948
0.243868
0.261440
0.108731
0.164644
0.138885
0.155207
0.128574
-0.058359
0.235506
-0.003374
-0.008435
-0.233055
0.233399
0.056683
-0.240361
0.088180
0.225247
-0.051184
-0.313612
0.285798
0.108286
-0.171744
-0.269385
-0.302409
0.065269
-0.306164
0.237525
0.014267
-0.217307
-0.205132
0.036656
-0.129482
-0.256986
-0.016250
-0.104661
-0.297915
-0.190783
-0.300711
-0.040445
-0.246616
0.137185
-0.206894
-0.156338
0.145883
0.159407
0.047014
-0.073293
0.171634
-0.329711
-0.056593
0.285344
0.239063
0.207833
-0.289755
0.237192
-0.029176
-0.171050
0.144680
-0.207222
0.091095
0.268755
0.283672
-0.230915
-0.196459
-0.029650
-0.008253
-0.155285
0.087230
-0.127417
0.260452
0.299161
0.009159
-0.240375
-0.084141
-0.142581
-0.255137
0.312375
0.204579
0.216926
-0.187177
-0.048941
0.128883
-0.121489
-0.103172
-0.247371
-0.123523
-0.303874
0.057475
-0.214533
-0.168124
-0.144284
-0.231943
-0.208388
0.052879
0.016596
0.093336
0.206341
0.186097
-0.025135
0.024966
0.308961
-0.068516
0.225142
-0.263994
0.096502
-0.064052
-0.173877
-0.251160
-0.002846
-0.119812
-0.033311
-0.207142
-0.086912
0.153252
0.003185
-0.002759
-0.216573
0.017950
-0.136043
-0.090400
0.241734
0.128762
0.142847
-0.181382
-0.161206
-0.093144
0.249814
-0.181143
-0.098556
0.074494
0.218148
-0.111828
-0.296038
-0.265203
-0.081102
-0.280608
0.093338
0.184264
-0.168510
-0.253293
-0.270693
0.263222
-0.114799
0.130345
0.137406
-0.253704
-0.052568
-0.280933
0.176457
0.121763
0.017182
0.162094
0.015865
-0.182596
-0.221623
0.247445
-0.022484
-0.083152
-0.235606
-0.297375
-0.319581
-0.304653
-0.096086
-0.139393
-0.177322
0.183320
-0.103833
0.244336
0.203321
0.103504
-0.167815
-0.230633
0.236374
0.041741
0.249001
0.198218
0.220871
-0.091896
0.250566
0.062791
-0.134567
-0.044193
0.088234
0.118841
0.195684
0.034196
0.194240
0.006851
-0.132186
0.277934
0.025407
-0.137284
-0.198691
0.209484
0.081832
-0.049249
0.303694
-0.213966
0.034890
0.215824
-0.288673
0.162130
-0.149808
0.267836
0.012210
-0.184077
0.098859
-0.104968
0.179883
0.228453
0.256412
-0.273828
-0.125803
0.017619
0.293598
-0.135243
-0.044103
0.185711
0.193538
0.171110
0.248339
-0.053501
-0.279330
-0.241566
0.015427
0.181068
0.200093
0.011818
0.278685
-0.028455
0.071844
-0.200965
-0.164846
0.183887
-0.230251
0.251385
-0.097578
-0.299173
-0.091059
-0.266785
0.248262
-0.155462
-0.096950
-0.096454
0.286445
-0.104941
0.097507
-0.034787
-0.083325
0.097676
-0.016374
-0.138946
-0.265527
0.095405
0.073697
0.018699
0.071489
0.063439
-0.003654
-0.033651
-0.138177
0.311584
0.202382
0.096754
0.231378
0.282837
0.109897
-0.106533
-0.232319
-0.314139
-0.009876
-0.149767
-0.025467
0.293847
0.188540
-0.046458
-0.014814
0.082787
-0.229662
0.188701
-0.115308
0.035017
-0.132953
-0.097826
-0.043221
-0.263495
-0.204250
0.253902
0.238974
0.012988
0.049289
-0.225487
0.089346
-0.053310
0.233255
0.008307
0.007355
0.083848
0.275891
0.232553
0.191857
0.026642
-0.258268
-0.147787
0.004664
-0.237899
0.254892
0.307975
0.173389
-0.177412
0.256390
-0.152383
0.169921
-0.011342
0.283078
-0.180381
0.183591
0.254659
-0.082881
0.088796
0.108309
0.293443
0.303852
-0.124269
0.013218
0.238005
0.274040
-0.259017
0.099994
0.270131
0.283777
-0.065344
0.009441
-0.162435
0.151431
-0.182112
0.048053
0.241409
-0.182239
0.012727
-0.242073
-0.063066
0.235421
0.272129
0.203552
0.119045
-0.081632
0.055233
0.103064
0.279409
-0.055351
0.033654
-0.276462
-0.056713
0.189039
0.197247
-0.029308
0.177415
0.241092
-0.213089
0.232522
0.210628
0.115452
0.046994
-0.112776
0.065562
0.185600
0.208667
0.113535
0.298137
-0.053346
0.219106
0.041082
-0.040408
-0.310912
0.105772
-0.192909
0.063158
-0.221761
-0.275824
0.017005
0.204103
0.071051
0.095406
-0.183910
0.088343
-0.023828
0.139478
0.059136
-0.079221
0.270710
0.085983
-0.174060
0.112461
-0.173291
0.126305
-0.024795
-0.315073
0.165327
-0.169080
-0.228645
-0.019804
-0.241735
0.155799
0.165948
-0.113723
-0.001087
-0.284078
0.263169
0.134822
-0.264300
-0.058257
0.049099
0.194193
-0.121108
0.296055
0.041046
0.151078
0.129986
-0.124405
-0.228993
0.188615
0.249287
0.108712
0.150763
-0.088248
-0.017957
0.002143
-0.095754
-0.178247
0.163223
0.164066
0.077323
-0.229666
0.096161
0.002473
-0.042841
-0.204138
0.017856
0.158754
-0.246277
0.164582
-0.274598
0.176960
0.117662
0.061357
0.164682
-0.127090
-0.098965
-0.003387
0.044139
-0.003415
0.008179
0.120446
-0.178855
-0.149352
0.286857
0.110676
0.272935
0.040408
0.222643
0.290444
-0.088238
0.018553
-0.136129
-0.302159
0.300148
0.161156
-0.141483
0.090278
-0.104638
0.016303
0.016174
0.055545
-0.122367
-0.063079
-0.216794
-0.267152
0.074905
-0.000798
0.165741
-0.075868
0.322964
-0.050067
-0.150997
-0.187613
0.266340
-0.022175
0.230463
0.222499
0.246864
-0.300748
0.211437
-0.007368
0.007954
-0.250485
0.186184
0.120165
-0.265985
-0.163323
0.096331
0.108837
0.126581
-0.099779
-0.054798
-0.146600
0.121227
0.032094
0.015025
0.057995
-0.260743
-0.130489
-0.203636
-0.149226
0.239953
-0.008030
-0.000849
0.217748
0.234517
0.047323
0.303401
-0.219477
0.043766
0.257319
0.053617
-0.111716
-0.267923
-0.121120
-0.172411
-0.227451
0.157593
0.228311
0.262245
-0.006496
-0.094187
-0.053431
0.269129
0.265610
0.274141
-0.000618
0.023009
-0.168575
-0.319978
0.222451
-0.042590
0.276074
-0.067234
-0.219691
-0.246359
-0.010454
0.059106
0.262514
0.043854
-0.012385
0.258848
0.005628
-0.326114
0.297480
0.346758
-0.168620
-0.106148
0.112090
-0.233830
-0.131889
-0.178375
-0.119501
0.184659
-0.181871
-0.026664
0.249979
0.224622
-0.157832
-0.223122
0.260807
-0.208787
0.082919
0.237652
0.139038
-0.319489
0.226444
-0.138705
0.126435
-0.306751
-0.254894
-0.000799
0.267634
-0.023036
-0.008224
0.249369
-0.061124
0.270690
-0.173465
-0.226056
-0.295025
0.154237
0.095484
0.030597
0.134014
0.272759
-0.167148
0.070299
0.214857
-0.113576
0.284392
0.144131
0.223007
0.198572
0.238821
0.085669
0.122484
0.271811
-0.218144
0.205403
-0.317564
-0.182858
-0.113014
0.248447
0.138277
-0.302858
-0.300776
-0.079576
-0.229230
-0.002555
-0.002627
-0.164317
-0.133078
-0.187359
-0.337861
-0.304204
-0.198324
-0.171197
0.275564
-0.205071
0.250161
-0.278987
-0.309068
0.182498
0.230920
-0.198033
0.088021
0.344908
-0.263128
0.193481
0.173566
-0.131502
-0.276369
-0.124200
-0.030371
-0.310285
0.033762
0.115082
0.083506
0.157557
-0.196953
-0.251206
-0.185525
-0.017886
-0.083216
-0.202455
0.123557
0.167243
0.073842
0.198493
-0.304743
0.027887
-0.223435
-0.142946
0.023720
0.310768
-0.046922
-0.216952
-0.244790
0.142350
-0.266280
-0.233620
-0.297951
-0.120270
-0.049384
0.096405
0.025934
-0.189324
-0.089296
-0.202309
-0.246627
0.060328
0.008210
-0.128074
-0.121612
-0.167175
0.116151
-0.216529
0.252426
0.012878
-0.175252
-0.237314
-0.272409
-0.045042
-0.032557
0.200287
0.008373
-0.306292
-0.290162
0.043920
0.189476
-0.214830
0.146057
-0.303381
0.115376
-0.060897
0.157808
-0.079643
0.185763
-0.090780
0.026678
0.282876
-0.215890
-0.114346
-0.128421
-0.040821
-0.009960
-0.172471
0.248261
-0.071274
0.202269
-0.207591
0.046469
-0.321920
0.114480
-0.186617
0.194196
-0.164160
-0.125623
-0.242876
0.244880
-0.124226
-0.035419
0.279629
-0.075645
-0.136420
0.042259
-0.123647
0.069789
-0.120270
0.359691
-0.177308
-0.214208
-0.241555
-0.021909
0.196200
0.163774
-0.070869
-0.163854
0.134809
0.009001
0.291259
-0.268857
-0.070392
-0.202030
0.169838
0.168368
-0.161809
-0.271065
-0.181644
-0.092455
-0.219013
0.095913
-0.332518
-0.293161
-0.107880
-0.058902
0.139671
0.160317
0.242485
-0.276626
0.340309
-0.110534
-0.088870
-0.309997
-0.253353
-0.062448
0.150954
-0.109828
0.087528
0.106501
-0.234433
0.343802
0.169419
0.133233
-0.167084
0.200387
-0.054164
-0.019056
0.248126
0.333698
-0.278334
-0.135504
0.027025
-0.295866
0.029570
0.185906
0.030761
-0.176027
0.113560
-0.043589
-0.108931
0.056342
0.274076
0.253118
0.068780
0.225706
-0.105754
0.067783
-0.044120
-0.173274
-0.073221
0.017798
-0.280532
-0.112452
-0.169245
-0.130594
-0.227352
0.230723
0.299787
-0.120222
0.181320
-0.246786
0.228593
-0.143562
-0.095555
-0.118374
-0.144148
0.243573
0.076523
-0.309534
0.011564
-0.203530
0.230674
-0.002574
-0.023388
0.067288
0.033809
0.220713
-0.157812
-0.248055
-0.134029
0.172875
0.020049
-0.109549
-0.199198
-0.320038
0.094678
0.014010
0.297038
0.172580
-0.295904
0.158602
-0.268051
0.210965
-0.141210
-0.049665
-0.094911
0.056387
-0.043381
-0.222830
0.212811
-0.056408
-0.063225
0.080649
0.187952
0.097205
-0.130077
0.072448
0.024106
0.161867
0.070982
0.221977
-0.011369
-0.060893
-0.253684
0.218676
-0.074758
-0.298282
0.076162
-0.088777
0.220746
0.091347
-0.038357
0.256839
0.090284
0.112308
0.054655
-0.327652
-0.120059
-0.087183
-0.186135
-0.107886
0.103864
0.198275
-0.239901
0.103235
0.148850
0.048973
-0.089579
0.032406
-0.121005
-0.217964
-0.078226
-0.285229
0.028307
0.424052
0.369815
-0.236163
0.182284
0.160790
0.181356
0.216075
-0.049095
-0.230330
0.070705
-0.158009
0.199311
-0.037724
-0.012881
-0.118939
0.185210
0.276852
0.193364
0.086892
0.151978
0.295876
-0.114154
0.277403
0.038088
0.187259
-0.201187
-0.250952
0.304774
0.212364
-0.236465
0.181072
0.033335
-0.261863
0.238085
0.099765
0.223047
0.108712
-0.093019
-0.037035
0.179230
-0.196965
0.272108
0.212292
0.155099
-0.041235
-0.091828
0.190658
-0.097790
-0.186809
-0.237800
-0.105350
-0.081912
0.153690
-0.254802
0.278252
0.108868
-0.038744
-0.270742
0.160474
-0.044559
-0.051283
0.060096
-0.181864
0.153652
-0.073370
0.231004
0.091017
-0.231424
-0.053656
-0.149761
-0.219845
0.192949
-0.200604
-0.165887
0.043392
0.233370
0.106303
-0.049982
-0.137556
0.312476
0.114158
0.053543
-0.102274
0.131352
0.228864
-0.052281
-0.067951
-0.040602
0.136671
-0.202936
-0.256991
-0.185205
0.198173
-0.224316
0.279241
-0.013108
-0.081680
0.452263
0.117310
-0.292203
-0.139732
0.251380
0.228533
0.166364
-0.231238
0.135960
0.074699
-0.325623
-0.188037
-0.245970
0.252592
-0.272189
0.291889
-0.086482
0.259831
0.266264
-0.268962
-0.206174
-0.034425
0.173083
-0.102900
-0.023008
-0.196218
-0.129374
-0.291446
-0.115434
0.243865
0.132586
-0.099812
-0.012057
0.189454
0.025203
0.012687
0.165295
0.171716
0.127753
0.035745
-0.034097
0.119438
0.132290
0.080908
0.211273
0.203648
0.097181
-0.091147
0.195137
0.154502
-0.034453
0.297084
-0.191952
0.016953
0.036070
0.250293
0.287029
0.238485
0.241401
-0.121310
0.037637
0.157148
0.240766
-0.164967
-0.041807
0.385119
0.179944
-0.044602
-0.008027
0.139732
0.274166
0.249604
0.087383
0.227411
0.023775
0.106945
0.268812
-0.143013
-0.241693
0.147532
-0.306608
0.196235
0.153107
-0.077440
-0.084565
0.006205
-0.130390
-0.049770
-0.085473
-0.057017
0.202278
-0.197873
-0.043276
0.222146
0.166782
0.345665
0.107213
-0.035162
-0.037056
-0.246270
-0.156335
-0.027996
-0.190902
0.231010
0.014150
0.259462
0.160661
0.008620
-0.206550
0.257170
-0.178596
-0.068308
0.131706
-0.189415
0.231051
-0.134814
0.171800
-0.067953
0.104713
